0,0.004141
10,0.004098
20,0.004057
30,0.004017
40,0.003977
50,0.003938
60,0.003900
70,0.003863
80,0.003826
90,0.003791
100,0.003755
110,0.003721
120,0.003686
130,0.003653
140,0.003620
150,0.003588
160,0.003556
170,0.003525
180,0.003494
190,0.003464
200,0.003434
210,0.003405
220,0.003376
230,0.003348
240,0.003320
250,0.003292
260,0.003265
270,0.003239
280,0.003213
290,0.003187
300,0.003162
310,0.003137
320,0.003112
330,0.003088
340,0.003064
350,0.003040
360,0.003017
370,0.002994
380,0.002972
390,0.002950
400,0.002928
410,0.002906
420,0.002885
430,0.002864
440,0.002844
450,0.002823
460,0.002803
470,0.002783
480,0.002764
490,0.002744
500,0.002725
510,0.002707
520,0.002688
530,0.002670
540,0.002652
550,0.002634
560,0.002616
570,0.002599
580,0.002582
590,0.002565
600,0.002548
610,0.002532
620,0.002516
630,0.002500
640,0.002484
650,0.002468
660,0.002452
670,0.002437
680,0.002422
690,0.002407
700,0.002392
710,0.002378
720,0.002363
730,0.002349
740,0.002335
750,0.002321
760,0.002307
770,0.002294
780,0.002280
790,0.002267
800,0.002254
810,0.002241
820,0.002228
830,0.002215
840,0.002202
850,0.002190
860,0.002178
870,0.002166
880,0.002153
890,0.002142
900,0.002130
910,0.002118
920,0.002107
930,0.002095
940,0.002084
950,0.002073
960,0.002062
970,0.002051
980,0.002040
990,0.002029
